[2, 5, 3]
{F2=[(1 5)]}
[2, 1, 5, 3]
{F2=[(1 5)]}
[2, 5, 4, 3]
{F2=[(1 5)]}
[2, 1, 5, 4, 3]
{F2=[(1 5)]}
[5, 1, 4, 5]
{F1=[(1 7)]}
[5, 5, 5]
{F1=[(1 7)]}
[5, 4, 3, 1, 4]
{F1=[(1 6)]}
[4, 3, 1, 4, 5]
{F1=[(2 7)]}
[4, 3, 1, 5, 4]
{F1=[(2 6)]}
[5, 3, 4, 5]
{F1=[(1 7)]}
[5, 1, 5, 5]
{F1=[(1 7)]}
[5, 4, 1, 4, 5]
{F1=[(1 7)]}
[5, 4, 1, 5, 4]
{F1=[(1 6)]}
[4, 1, 5, 4, 5]
{F1=[(2 7)]}
[5, 3, 1, 5, 5]
{F1=[(1 7)]}
[5, 4, 5, 5]
{F1=[(1 7)]}
[5, 5, 4, 5]
{F1=[(1 7)]}
[5, 3, 1, 5, 4]
{F1=[(1 6)]}
[3, 1, 5, 4, 5]
{F1=[(3 7)]}
[5, 4, 3, 1, 5]
{F1=[(1 5), (1 7)]}
[4, 3, 1, 5, 5]
{F1=[(2 7)]}
[5, 3, 1, 4, 5]
{F1=[(1 7)]}
[5, 3, 5, 5]
{F1=[(1 7)]}
[5, 4, 4, 5]
{F1=[(1 7)]}
[5, 4, 3, 5, 4]
{F1=[(1 6)]}
[4, 3, 5, 4, 5]
{F1=[(2 7)]}
[5, 4, 3, 4, 5]
{F1=[(1 7)]}
[5, 4, 1, 5, 5]
{F1=[(1 7)]}
[5, 1, 5, 4, 5]
{F1=[(1 7)]}
[5, 4, 5, 4, 5]
{F1=[(1 7)]}
[5, 4, 3, 5, 5]
{F1=[(1 7)]}
[5, 3, 5, 4, 5]
{F1=[(1 7)]}