[1]
{F1=[(4 4)], F3=[(1 1), (3 3)], F2=[(2 2)]}
[2]
{F3=[(2 2)], F2=[(1 1)]}
[3]
{F1=[(3 3)], F2=[(5 5)]}
[4]
{F1=[(2 2), (6 6)], F3=[(4 4)], F2=[(4 4)]}
[5]
{F1=[(1 1), (5 5), (7 7)], F3=[(5 5)], F2=[(3 3)]}
--------------------
[1, 5]
{F1=[(4 5), (4 7)], F3=[(1 5), (3 5)], F2=[(2 3)]}
[5, 1]
{F1=[(1 4)]}
[2, 5]
{F3=[(2 5)], F2=[(1 3)]}
[3, 5]
{F1=[(3 5), (3 7)]}
[5, 3]
{F1=[(1 3)], F2=[(3 5)]}
[4, 5]
{F1=[(2 5), (2 7), (6 7)], F3=[(4 5)]}
[5, 4]
{F1=[(1 2), (1 6), (5 6)], F2=[(3 4)]}
[5, 5]
{F1=[(1 5), (1 7), (5 7)]}
--------------------
[2, 1, 5]
{F3=[(2 5)], F2=[(1 3)]}
[3, 1, 5]
{F1=[(3 5), (3 7)]}
[1, 5, 3]
{F2=[(2 5)]}
[5, 3, 1]
{F1=[(1 4)]}
[5, 4, 1]
{F1=[(1 4)]}
[2, 5, 3]
{F2=[(1 5)]}
[5, 1, 4]
{F1=[(1 6)]}
[4, 1, 5]
{F1=[(2 5), (2 7)]}
[1, 5, 4]
{F1=[(4 6)], F2=[(2 4)]}
[1, 4, 5]
{F1=[(4 7)], F3=[(1 5), (3 5)]}
[2, 5, 4]
{F2=[(1 4)]}
[5, 1, 5]
{F1=[(1 5), (1 7)]}
[1, 5, 5]
{F1=[(4 7)]}
[5, 4, 3]
{F1=[(1 3)], F2=[(3 5)]}
[3, 5, 4]
{F1=[(3 6)]}
[4, 3, 5]
{F1=[(2 5), (2 7)]}
[5, 3, 4]
{F1=[(1 6)]}
[3, 4, 5]
{F1=[(3 7)]}
[5, 3, 5]
{F1=[(1 5), (1 7)]}
[3, 5, 5]
{F1=[(3 7)]}
[4, 5, 4]
{F1=[(2 6)]}
[4, 4, 5]
{F1=[(2 7)]}
[5, 4, 4]
{F1=[(1 6)]}
[4, 5, 5]
{F1=[(2 7)]}
[5, 4, 5]
{F1=[(1 5), (1 7), (1 7), (5 7)]}
[5, 5, 4]
{F1=[(1 6)]}
[5, 5, 5]
{F1=[(1 7)]}
--------------------
[2, 1, 5, 3]
{F2=[(1 5)]}
[2, 1, 5, 4]
{F2=[(1 4)]}
[5, 3, 1, 4]
{F1=[(1 6)]}
[4, 3, 1, 5]
{F1=[(2 5), (2 7)]}
[3, 1, 5, 4]
{F1=[(3 6)]}
[1, 5, 4, 3]
{F2=[(2 5)]}
[3, 1, 4, 5]
{F1=[(3 7)]}
[5, 4, 3, 1]
{F1=[(1 4)]}
[4, 1, 5, 4]
{F1=[(2 6)]}
[5, 4, 1, 4]
{F1=[(1 6)]}
[5, 3, 1, 5]
{F1=[(1 5), (1 7)]}
[3, 1, 5, 5]
{F1=[(3 7)]}
[4, 1, 4, 5]
{F1=[(2 7)]}
[2, 5, 4, 3]
{F2=[(1 5)]}
[4, 1, 5, 5]
{F1=[(2 7)]}
[5, 1, 4, 5]
{F1=[(1 7)]}
[5, 4, 1, 5]
{F1=[(1 5), (1 7)]}
[1, 5, 4, 5]
{F1=[(4 7)]}
[5, 1, 5, 4]
{F1=[(1 6)]}
[5, 3, 4, 5]
{F1=[(1 7)]}
[4, 3, 5, 5]
{F1=[(2 7)]}
[5, 4, 3, 5]
{F1=[(1 5), (1 7)]}
[3, 5, 4, 5]
{F1=[(3 7)]}
[5, 3, 5, 4]
{F1=[(1 6)]}
[4, 3, 4, 5]
{F1=[(2 7)]}
[4, 3, 5, 4]
{F1=[(2 6)]}
[5, 1, 5, 5]
{F1=[(1 7)]}
[5, 4, 3, 4]
{F1=[(1 6)]}
[5, 5, 4, 5]
{F1=[(1 7)]}
[5, 4, 5, 5]
{F1=[(1 7)]}
[5, 4, 4, 5]
{F1=[(1 7)]}
[5, 4, 5, 4]
{F1=[(1 6)]}
[4, 5, 4, 5]
{F1=[(2 7)]}
[5, 3, 5, 5]
{F1=[(1 7)]}
--------------------